{
  "advancedEditorSelectedIdentifier" : "ProjectBrowser",
  "openSceneRelativePaths" : [
    "colorpallet.usda"
  ],
  "recentIdentifiers" : {
    "A986582B-0FFE-461C-86B2-FE59194DAA4A" : [

    ],
    "AF09ED6F-1707-48FD-8720-65B998362C09" : [

    ]
  },
  "sceneCameraHistory" : {
    "71BD9494-0C1F-487F-B76B-397021E02CE9" : [
      {
        "date" : 785123288.514774,
        "title" : "Untitled",
        "transform" : [
          1,
          0,
          0,
          0,
          0,
          0.7071069,
          -0.70710677,
          0,
          0,
          0.70710677,
          0.7071069,
          0,
          -0.0070971027,
          0.106044844,
          0.08563883,
          1
        ]
      },
      {
        "date" : 785123285.98889,
        "title" : "Untitled",
        "transform" : [
          1,
          0,
          0,
          0,
          0,
          0.7071069,
          -0.70710677,
          0,
          0,
          0.70710677,
          0.7071069,
          0,
          -0.014272959,
          0.18344432,
          0.008239411,
          1
        ]
      },
      {
        "date" : 785119432.346127,
        "title" : "Untitled",
        "transform" : [
          1,
          0,
          0,
          0,
          0,
          0.7071069,
          -0.70710677,
          0,
          0,
          0.70710677,
          0.7071069,
          0,
          -0.018957406,
          0.62838095,
          0.17301477,
          1
        ]
      },
      {
        "date" : 785119404.887605,
        "title" : "Untitled",
        "transform" : [
          1,
          0,
          0,
          0,
          0,
          0.7071069,
          -0.70710677,
          0,
          0,
          0.70710677,
          0.7071069,
          0,
          -0.0005917057,
          0.027021846,
          0.030034333,
          1
        ]
      },
      {
        "date" : 785078980.397087,
        "title" : "Untitled",
        "transform" : [
          1,
          0,
          0,
          0,
          0,
          0.7071069,
          -0.70710677,
          0,
          0,
          0.70710677,
          0.7071069,
          0,
          0,
          0.018446289,
          0.018446295,
          1
        ]
      },
      {
        "date" : 785078932.247084,
        "title" : "Untitled",
        "transform" : [
          1,
          0,
          0,
          0,
          0,
          0.7071069,
          -0.70710677,
          0,
          0,
          0.70710677,
          0.7071069,
          0,
          0,
          0.13377292,
          0.13377295,
          1
        ]
      },
      {
        "date" : 785078925.526896,
        "title" : "Untitled",
        "transform" : [
          1,
          0,
          0,
          0,
          0,
          0.7071069,
          -0.70710677,
          0,
          0,
          0.70710677,
          0.7071069,
          0,
          0,
          0.9416309,
          0.9416312,
          1
        ]
      }
    ],
    "A986582B-0FFE-461C-86B2-FE59194DAA4A" : [
      {
        "date" : 785067120.127724,
        "title" : "Untitled",
        "transform" : [
          0.99999994,
          0,
          0,
          0,
          0,
          0.8656755,
          -0.50060564,
          0,
          0,
          0.50060564,
          0.8656755,
          0,
          0,
          1.8863617,
          3.2518544,
          1
        ]
      },
      {
        "date" : 785065458.824073,
        "title" : "Untitled",
        "transform" : [
          0.99999994,
          0,
          -0,
          0,
          -0,
          0.8656755,
          -0.50060564,
          0,
          0,
          0.50060564,
          0.8656755,
          0,
          0,
          0.43744612,
          0.75410306,
          1
        ]
      }
    ],
    "AF09ED6F-1707-48FD-8720-65B998362C09" : [
      {
        "date" : 785071258.616977,
        "title" : "Untitled",
        "transform" : [
          0.9992431,
          -8.451829e-10,
          0.03890008,
          0,
          0.027506514,
          0.7071069,
          -0.7065715,
          0,
          -0.027506512,
          0.7071067,
          0.7065717,
          0,
          0.01712856,
          0.10110448,
          0.06263266,
          1
        ]
      },
      {
        "date" : 785071256.558504,
        "title" : "Untitled",
        "transform" : [
          0.9992431,
          -8.451829e-10,
          0.03890008,
          0,
          0.027506514,
          0.7071069,
          -0.7065715,
          0,
          -0.027506512,
          0.7071067,
          0.7065717,
          0,
          0.010245639,
          0.060476772,
          0.03746442,
          1
        ]
      },
      {
        "date" : 785067299.503685,
        "title" : "Untitled",
        "transform" : [
          0.9992431,
          -8.451829e-10,
          0.03890008,
          0,
          0.027506514,
          0.7071069,
          -0.7065715,
          0,
          -0.027506512,
          0.7071067,
          0.7065717,
          0,
          0.011784555,
          0.31873357,
          0.2749352,
          1
        ]
      },
      {
        "date" : 785067280.378582,
        "title" : "Untitled",
        "transform" : [
          0.9992431,
          -8.451829e-10,
          0.03890008,
          0,
          0.027506514,
          0.7071069,
          -0.7065715,
          0,
          -0.027506512,
          0.7071067,
          0.7065717,
          0,
          0.05071914,
          1.3717864,
          1.1832839,
          1
        ]
      },
      {
        "date" : 785067090.726262,
        "title" : "Untitled",
        "transform" : [
          0.9992431,
          -8.451829e-10,
          0.03890008,
          0,
          0.027506514,
          0.7071069,
          -0.7065715,
          0,
          -0.027506512,
          0.7071067,
          0.7065717,
          0,
          -0.04801822,
          0.85411,
          1.0114555,
          1
        ]
      },
      {
        "date" : 785067062.637108,
        "title" : "Untitled",
        "transform" : [
          0.9992431,
          -8.451829e-10,
          0.03890008,
          0,
          0.027506514,
          0.7071069,
          -0.7065715,
          0,
          -0.027506512,
          0.7071067,
          0.7065717,
          0,
          -0.057784244,
          0.87731326,
          1.0083327,
          1
        ]
      },
      {
        "date" : 785067043.143591,
        "title" : "Untitled",
        "transform" : [
          0.9992431,
          -8.451829e-10,
          0.03890008,
          0,
          0.027506514,
          0.7071069,
          -0.7065715,
          0,
          -0.027506512,
          0.7071067,
          0.7065717,
          0,
          -0.028252693,
          0.6034875,
          0.6758758,
          1
        ]
      },
      {
        "date" : 785065838.175888,
        "title" : "Untitled",
        "transform" : [
          0.9992431,
          -8.451829e-10,
          0.03890008,
          0,
          0.027506514,
          0.7071069,
          -0.7065715,
          0,
          -0.027506512,
          0.7071067,
          0.7065717,
          0,
          -0.0036287457,
          0.106898546,
          0.10774416,
          1
        ]
      },
      {
        "date" : 785065374.883935,
        "title" : "Untitled",
        "transform" : [
          0.9992431,
          5.8015387e-10,
          0.038900085,
          0,
          0.027506514,
          0.7071069,
          -0.7065715,
          0,
          -0.027506515,
          0.7071067,
          0.7065717,
          0,
          -0.20108862,
          0.9320695,
          -0.76767683,
          1
        ]
      },
      {
        "date" : 785065371.703605,
        "title" : "Untitled",
        "transform" : [
          0.99924314,
          0,
          0.038900092,
          0,
          0.02750652,
          0.7071069,
          -0.7065715,
          0,
          -0.027506525,
          0.7071067,
          0.7065717,
          0,
          -4.842905,
          12.477877,
          105.01885,
          1
        ]
      }
    ]
  },
  "sceneViewportBackgroundColors" : {

  },
  "selectedSceneRelativePath" : "colorpallet.usda"
}