{
  "advancedEditorSelectedIdentifier" : "ProjectBrowser",
  "openSceneRelativePaths" : [
    "Immersive.usda",
    "colorpallet.usda"
  ],
  "recentIdentifiers" : {
    "71BD9494-0C1F-487F-B76B-397021E02CE9" : [

    ],
    "AF09ED6F-1707-48FD-8720-65B998362C09" : [

    ],
    "D66134B1-3681-4A8E-AFE5-29F257229F3B" : [

    ]
  },
  "sceneCameraHistory" : {
    "71BD9494-0C1F-487F-B76B-397021E02CE9" : [
      {
        "date" : 785911843.491314,
        "title" : "Untitled",
        "transform" : [
          0.89399093,
          2.3191511e-08,
          -0.4480851,
          0,
          -0.021592658,
          0.9988383,
          -0.043080244,
          0,
          0.4475645,
          0.048188698,
          0.8929524,
          0,
          0.16619852,
          0.07432932,
          0.39776653,
          1
        ]
      },
      {
        "date" : 785911836.359277,
        "title" : "Untitled",
        "transform" : [
          0.89399093,
          2.3191511e-08,
          -0.4480851,
          0,
          -0.021592658,
          0.9988383,
          -0.043080244,
          0,
          0.4475645,
          0.048188698,
          0.8929524,
          0,
          0.2692968,
          0.19823657,
          0.41702825,
          1
        ]
      },
      {
        "date" : 785873384.939359,
        "title" : "Untitled",
        "transform" : [
          0.89399093,
          2.3191511e-08,
          -0.4480851,
          0,
          -0.021592658,
          0.9988383,
          -0.043080244,
          0,
          0.4475645,
          0.048188698,
          0.8929524,
          0,
          0.17946342,
          0.098947555,
          0.25247028,
          1
        ]
      },
      {
        "date" : 785873381.722674,
        "title" : "Untitled",
        "transform" : [
          0.89399093,
          2.3191511e-08,
          -0.4480851,
          0,
          -0.021592658,
          0.9988383,
          -0.043080244,
          0,
          0.4475645,
          0.048188698,
          0.8929524,
          0,
          0.14854796,
          0.021935472,
          0.2721217,
          1
        ]
      },
      {
        "date" : 785873240.114946,
        "title" : "Untitled",
        "transform" : [
          0.89399093,
          2.3191511e-08,
          -0.4480851,
          0,
          -0.021592658,
          0.9988383,
          -0.043080244,
          0,
          0.4475645,
          0.048188698,
          0.8929524,
          0,
          0.016609397,
          0.0024526417,
          0.030426383,
          1
        ]
      },
      {
        "date" : 785872800.89668,
        "title" : "Untitled",
        "transform" : [
          0.89399093,
          2.3191511e-08,
          -0.4480851,
          0,
          -0.021592658,
          0.9988383,
          -0.043080244,
          0,
          0.4475645,
          0.048188698,
          0.8929524,
          0,
          0.021390047,
          0.00068641827,
          0.02812554,
          1
        ]
      },
      {
        "date" : 785833572.740901,
        "title" : "Untitled",
        "transform" : [
          0.893991,
          2.4238108e-08,
          -0.4480851,
          0,
          -0.02159267,
          0.99883837,
          -0.04308024,
          0,
          0.44756457,
          0.048188664,
          0.8929524,
          0,
          0.22535217,
          0.1187388,
          0.40742496,
          1
        ]
      },
      {
        "date" : 785777425.193608,
        "title" : "Untitled",
        "transform" : [
          0.72257084,
          2.5100384e-08,
          -0.691297,
          0,
          -0.15971163,
          0.9729462,
          -0.16693683,
          0,
          0.6725948,
          0.2310318,
          0.7030225,
          0,
          0.30049476,
          0.19403718,
          0.30433744,
          1
        ]
      },
      {
        "date" : 785777411.527423,
        "title" : "Untitled",
        "transform" : [
          0.72257084,
          2.5100384e-08,
          -0.691297,
          0,
          -0.15971163,
          0.9729462,
          -0.16693683,
          0,
          0.6725948,
          0.2310318,
          0.7030225,
          0,
          0.30472362,
          0.10637842,
          0.32909858,
          1
        ]
      },
      {
        "date" : 785777409.360731,
        "title" : "Untitled",
        "transform" : [
          0.72257084,
          2.5100384e-08,
          -0.691297,
          0,
          -0.15971163,
          0.9729462,
          -0.16693683,
          0,
          0.6725948,
          0.2310318,
          0.7030225,
          0,
          0.30668703,
          0.10732974,
          0.32690743,
          1
        ]
      }
    ],
    "AF09ED6F-1707-48FD-8720-65B998362C09" : [
      {
        "date" : 773852160.527215,
        "title" : "Untitled",
        "transform" : [
          0.98975956,
          9.152654e-09,
          -0.14274445,
          0,
          -0.095184274,
          0.7452225,
          -0.6599874,
          0,
          0.10637638,
          0.6668158,
          0.7375911,
          0,
          0.056204677,
          1.0229654,
          -0.5266444,
          1
        ]
      },
      {
        "date" : 773852153.441069,
        "title" : "Untitled",
        "transform" : [
          0.98975956,
          9.152654e-09,
          -0.14274445,
          0,
          -0.095184274,
          0.7452225,
          -0.6599874,
          0,
          0.10637638,
          0.6668158,
          0.7375911,
          0,
          0.04341191,
          0.9915243,
          -0.5788753,
          1
        ]
      },
      {
        "date" : 773852145.742479,
        "title" : "Untitled",
        "transform" : [
          0.98975956,
          9.152654e-09,
          -0.14274445,
          0,
          -0.095184274,
          0.7452225,
          -0.6599874,
          0,
          0.10637638,
          0.6668158,
          0.7375911,
          0,
          0.10899512,
          1.5834602,
          0.16425371,
          1
        ]
      },
      {
        "date" : 773847109.735173,
        "title" : "Untitled",
        "transform" : [
          0.98975956,
          9.152654e-09,
          -0.14274445,
          0,
          -0.095184274,
          0.7452225,
          -0.6599874,
          0,
          0.10637638,
          0.6668158,
          0.7375911,
          0,
          0.004325342,
          0.9273426,
          -0.5615037,
          1
        ]
      },
      {
        "date" : 773847106.565119,
        "title" : "Untitled",
        "transform" : [
          0.98975956,
          9.152654e-09,
          -0.14274445,
          0,
          -0.095184274,
          0.7452225,
          -0.6599874,
          0,
          0.10637638,
          0.6668158,
          0.7375911,
          0,
          0.0043253326,
          0.9273427,
          -0.66150373,
          1
        ]
      },
      {
        "date" : 773846909.918897,
        "title" : "Untitled",
        "transform" : [
          0.98975956,
          9.152654e-09,
          -0.14274445,
          0,
          -0.095184274,
          0.7452225,
          -0.6599874,
          0,
          0.10637638,
          0.6668158,
          0.7375911,
          0,
          0.004325337,
          0.9273427,
          -0.56150377,
          1
        ]
      },
      {
        "date" : 773846907.416872,
        "title" : "Untitled",
        "transform" : [
          0.98975956,
          9.152654e-09,
          -0.14274445,
          0,
          -0.095184274,
          0.7452225,
          -0.6599874,
          0,
          0.10637638,
          0.6668158,
          0.7375911,
          0,
          0.0043253372,
          0.92734265,
          -0.66150373,
          1
        ]
      },
      {
        "date" : 773846904.818124,
        "title" : "Untitled",
        "transform" : [
          0.98975956,
          9.152654e-09,
          -0.14274445,
          0,
          -0.095184274,
          0.7452225,
          -0.6599874,
          0,
          0.10637638,
          0.6668158,
          0.7375911,
          0,
          0.004967232,
          0.9361352,
          -0.707053,
          1
        ]
      },
      {
        "date" : 773846889.39942,
        "title" : "Untitled",
        "transform" : [
          0.98975956,
          9.152654e-09,
          -0.14274445,
          0,
          -0.095184274,
          0.7452225,
          -0.6599874,
          0,
          0.10637638,
          0.6668158,
          0.7375911,
          0,
          0.0049672327,
          0.9361351,
          -0.607053,
          1
        ]
      },
      {
        "date" : 773846844.390901,
        "title" : "Untitled",
        "transform" : [
          0.98975956,
          5.4273634e-09,
          -0.14274445,
          0,
          -0.09518427,
          0.7452225,
          -0.6599874,
          0,
          0.10637638,
          0.6668158,
          0.7375911,
          0,
          0.0012737215,
          0.9615574,
          -0.67950296,
          1
        ]
      }
    ],
    "D66134B1-3681-4A8E-AFE5-29F257229F3B" : [
      {
        "date" : 764397233.571943,
        "title" : "Untitled",
        "transform" : [
          1,
          0,
          -0,
          0,
          -0,
          0.7071069,
          -0.7071067,
          0,
          0,
          0.7071067,
          0.7071069,
          0,
          -2.7939677e-09,
          0.10558134,
          0.10598137,
          1
        ]
      },
      {
        "date" : 764397107.177276,
        "title" : "Untitled",
        "transform" : [
          1,
          0,
          -0,
          0,
          -0,
          0.7071069,
          -0.7071067,
          0,
          0,
          0.7071067,
          0.7071069,
          0,
          2.7939677e-09,
          0.105581336,
          0.10558137,
          1
        ]
      },
      {
        "date" : 764397098.989413,
        "title" : "Untitled",
        "transform" : [
          1,
          0,
          -0,
          0,
          -0,
          0.7071069,
          -0.7071067,
          0,
          0,
          0.7071067,
          0.7071069,
          0,
          0,
          0.10558134,
          0.10558139,
          1
        ]
      },
      {
        "date" : 764397068.095359,
        "title" : "Untitled",
        "transform" : [
          1,
          0,
          -0,
          0,
          -0,
          0.7071069,
          -0.7071067,
          0,
          0,
          0.7071067,
          0.7071069,
          0,
          0,
          0.105581164,
          0.10598123,
          1
        ]
      }
    ]
  },
  "sceneViewportBackgroundColors" : {

  },
  "selectedSceneRelativePath" : "colorpallet.usda"
}